1 inmail.68707 1.0 1 1
2 inmail.70863 1.0 1 1
3 inmail.60697 1.0 1 1
4 inmail.73682 1.0 1 1
5 inmail.67612 1.0 1 1
6 inmail.61182 1.0 1 1
7 inmail.14926 1.0 1 1
8 inmail.29438 1.0 1 1
9 inmail.44110 1.0 1 1
10 inmail.68703 1.0 1 1
11 inmail.71893 1.0 1 1
12 inmail.9848 1.0 1 1
13 inmail.29078 1.0 1 1
14 inmail.58205 1.0 1 1
15 inmail.33260 1.0 1 1
16 inmail.3554 1.0 1 1
17 inmail.51808 1.0 1 1
18 inmail.35309 1.0 1 1
19 inmail.73747 1.0 1 1
20 inmail.42750 1.0 1 1
21 inmail.56603 1.0 1 1
22 inmail.60877 1.0 1 1
23 inmail.24318 1.0 1 1
24 inmail.72018 1.0 1 1
25 inmail.58605 1.0 1 1
26 inmail.23339 1.0 1 1
27 inmail.38157 1.0 1 1
28 inmail.72281 1.0 1 1
29 inmail.44701 1.0 1 1
30 inmail.74683 1.0 1 1
31 inmail.29892 1.0 1 1
32 inmail.63313 1.0 1 1
33 inmail.26813 1.0 1 1
34 inmail.26817 1.0 1 1
35 inmail.68840 1.0 1 1
36 inmail.58869 1.0 1 1
37 inmail.30982 1.0 1 1
38 inmail.42545 1.0 1 1
39 inmail.58973 1.0 1 1
40 inmail.61423 1.0 1 1
41 inmail.38250 1.0 1 1
42 inmail.45980 1.0 1 1
43 inmail.71479 1.0 1 1
44 inmail.17626 1.0 1 1
45 inmail.31637 1.0 1 1
46 inmail.9437 1.0 1 1
47 inmail.15996 1.0 1 1
48 inmail.1417 1.0 1 1
49 inmail.29805 1.0 1 0
50 inmail.14241 1.0 1 1
